0001
0002
0003
0004
0005
0006
0007
0008
0009
0011
0013
0014
0015
0016
0017
0019
0020
0021
0022

Total: 22
Missing: 10, 12, 18
0019
0020
0021
0013
0014
0015
0017
0019
0020
0021
0013
0014
0015
0017
0019
0020
0021
0013
0014
0015
0017
0019
0020
0021
0013
0014
0015
0017
0019
0020
0021
0013
0014
0015
0017
0019
0020
0021
0013
0014
0015
0017
0019
0020
0021
0007
0008
0009
0019
0020
0021
0007
0008
0011
0009
0019
0020
0021
0007
0022
0013
0019
0020
0021
0013
0014
0015
0017
0019
0020
0021
0013
0014
0015
0017
0019
0020
0021
0013
0014
0015
0017
0019
0020
0021
0013
0014
0015
0017
0019
0020
0021
0013
0014
0015
0017
0019
0020
0021
0013
0014
0015
0016
0001
0019
0020
0021
0013
0014
0015
0017
0019
0020
0005
0013
0014
0015
0016
0019
0020
0005
0006
0019
0020
0005
0013
0014
0015
0017
0019
0002
0004
0021
0013
0014
0015
0016
0019
0002
0003
0019
0002
0004
0021
0013
0014
0015
0017
0019
0002
0004
0005
0006
0019
0020
0021
0013
0014
0015
0017
0019
0020
0021
0013
0014
0015
0017
0019
0020
0021
0013
0014
0015
0017
0019
0020
0021
0013
0014
0015
0017
0019
0020
0021
0013
0014
0015
0017
0019
0020
0021
0013
0014
0015
0017
0019
0020
0021
0013
0014
0015
0017
0019
0002
0003
0019
0020
0021
0013
0014
0015
0017
0019
0020
0021
0013
0014
0015
0017
0019
0020
0021
0013
0014
0015
0017
0019
0020
0021
0013
0014
0015
0017
0019
0020
0021
0013
0014
0015
0017
0019
0020
0021
0013
0014
0015
0017
0019
0020
0021
0013
0014
0015
0017
0019
0020
0021
0013
0014
0015
0017
0019
0020
0021
0013
0014
0015
0017
0019
0020
0021
0013
0014
0015
0017
0019
0020
0021
0013
0014
0015
0017
0019
0020
0021
0013
0014
0015
0017
0019
0020
0021
0013
0014
0015
0017
0019
0020
0021
0013
0014
0015
0017
0019
0020
0021
0013
0014
0015
0017
0019
0020
0021
0013
0014
0015
0017
0019
0020
0021
0013
0014
0015
0017
0019
0020
0021
0013
0014
0015
0017
0019
0020
0021
0013
0014
0015
0017
0019
0020
0021
0013
0014
0015
0017
0019
0020
0021
0013
0014
0015
0017
0019
0020
0021
0007
0008
0009
0019
0020
0021
0007
0022
0013
0019
0020
0021
0007
0008
0009
0019
0020
0021
0007
0008
0011
0009
0019
0020
0021
0007
0022
0013
0019
0020
0021
0013
0014
0015
0017
0019
0020
0021
0013
0014
0015
0017
