0001
0003
0004
0005
0006
0007

Total: 7
Missing: 0002
0001
0003
0001
0003
0004
0005
0001
0003
0004
0005
0001
0003
0004
0005
0001
0003
0004
0005
0001
0003
0006
0005
0001
0003
0006
0005
0001
0003
0006
0005
0001
0003
0006
0005
0001
0007
0005
0001
0007
0005
0001
0007
0005
0001
0003
0006
0005
0001
0003
0006
0005
0001
0003
0006
0005
0001
0003
0006
0005
0001
0003
0006
0005
0001
0003
0006
0005
0001
0003
0006
0005
0001
0003
0006
0005
0001
0003
0006
0005
0001
0003
0006
0005
0001
0003
0006
0005
0001
0003
0006
0005
0001
0003
0001
0003
0004
0005
0001
0003
0004
0005
0001
0003
0006
0005
0001
0003
0001
0003
0004
0005
0001
0003
0006
0005
0001
0003
0006
0005
0001
0003
0006
0005
0001
0003
0006
0005
0001
0003
0006
0005
0001
0003
0006
0005
0001
0003
0006
0005
0001
0003
0006
0005
0001
0003
0006
0005
0001
0003
0006
0005
0001
0003
0006
0005
0001
0003
0006
0005
0001
0003
0006
0005
0001
0003
0004
0005
0001
0003
0004
0005
0001
0003
0004
0005
0001
0003
0004
0005
0001
0003
0004
0005
0001
0003
0006
0005
0001
0003
0006
0005
0001
0003
0006
0005
0001
0003
0006
0005
0001
0003
0006
0005
